>> AÂÂ=[-0.04 0.04 0.12 3; 0.56 -1.56 0.32 1; -0.24 1.24 -0.28 0]
error: parse error:

  syntax error

>>> AÂÂ=[-0.04 0.04 0.12 3; 0.56 -1.56 0.32 1; -0.24 1.24 -0.28 0]
     ^
>> A = [-0.04 0.04 0.12 3; 0.56 -1.56 0.32 1; -0.24 1.24 -0.28 0];
>> 
>> A
A =

  -0.0400   0.0400   0.1200   3.0000
   0.5600  -1.5600   0.3200   1.0000
  -0.2400   1.2400  -0.2800        0

>> B=intercambio_filas(A,1,2)
B =

   0.5600  -1.5600   0.3200   1.0000
  -0.0400   0.0400   0.1200   3.0000
  -0.2400   1.2400  -0.2800        0

>> C=combinar_filas(B,1,2, -B(2,1)/B(1,1))
C =

   0.5600  -1.5600   0.3200   1.0000
        0  -0.0714   0.1429   3.0714
  -0.2400   1.2400  -0.2800        0

>> D=combinar_filas(C,1,3, -C(3,1)/C(1,1))
D =

   0.5600  -1.5600   0.3200   1.0000
        0  -0.0714   0.1429   3.0714
        0   0.5714  -0.1429   0.4286

>> E=intercambio_filas(D,2,3)
E =

   0.5600  -1.5600   0.3200   1.0000
        0   0.5714  -0.1429   0.4286
        0  -0.0714   0.1429   3.0714

>> F=combinar_filas(E,2,3,-E(3,2)/E(2,2))
F =

   0.5600  -1.5600   0.3200   1.0000
        0   0.5714  -0.1429   0.4286
        0        0   0.1250   3.1250

>> X=Sistem_T_sup(F(:,1:3),F(:,4))
X =

    7    7   25

>> diary off
